2007
2009
2013
2015
2017
2018
2019
2020
2023
2024
2027
2041
2045
2053
2054
2056
2057
2060
2064
2071
2080
2082
2083
2091
2092
2095
2101
2107
2111
2114
2120
2131
2137
2150
2154
2157
2161
2163
2165
2167
2168
2169
2171
2174
2175
2176
2178
2179
2182
2184
2191
2230
2236
2237
2241
2258
2260
2261
2264
2265
2269
2279
2287
2291
2294
2295
2297
2299
2307
2313
2324
2326
2329
2336
2345
2354
2358
2360
2362
2363
2367
2372
2373
2376
2382
2383
2386
2387
2392
2394
2395
2398
2404
2405
2415
2419
2420
2421
2426
2433
2436
2437
2442
2443
2445
2446
2448
2450
2456
2457
2458
2460
2464
2468
2471
2479
2482
2489
2492
2495
2498
2500
2502
2514
2518
2519
2521
2522
2527
2528
2533
2543
2548
2549
2550
2557
2558
2559
2563
2566
2567
2570
2572
2578
2579
2580
2582
2584
2585
2586
2587
2589
2591
2592
2594
2595
2605
2606
2610
2616
2626
2631
2635
2642
2659
2662
2665
2666
2669
2671
2673
2674
2680
2684
2685
2695
2703
2705
2710
2721
2725
2726
2734
2736
2738
2740
2741
2742
2759
2760
2763
2764
2773
2780
2794
2802
2812
2814
2815
2821
2847
2849
2851
2852
2858
2859
2867
2868
2879
2887
2888
2889
2897
2914
2921
2925
2928
2934
2935
2951
2952
2953
2954
2955
2957
2959
2960
2961
2965
2967
2968
2996
2999
3002
3012
3018
3019
3023
3025
3026
3046
3047
3048
3049
3050
3051
3052
3053
3054
3055
3056
3061
3066
3067
3070
3071
3078
3080
3090
3091
3092
3093
3096
3097
3098
3099
3100
3101
3103
3104
3105
3106
3109
3127
3155
3157
3158
3191
3218
3219
3223
3225
3226
3228
3229
3231
3240
3254
3265
3267
3306
3307
3314
3318
3319
3322
3329
3333
3335
3345
3348
3350
3354
3355
3359
3363
3398
3407
3408
3411
3415
3417
3419
3423
3424
3425
3426
3460
3462
3475
3478
3488
3490
3492
3494
3504
3506
3512
3514
3525
3532
3544
3549
3550
3556
3566
3570
3576
3580
3583
3588
3595
3596
3600
3601
3607
3608
3611
3617
3618
3622
3634
3637
3638
3643
3645
3647
3648
3652
3658
3659
3661
3662
3663
3674
3676
3677
3678
3679
3681
3682
3683
3684
3691
3694
3697
3706
3707
3720
3726
3728
3733
3734
3737
3738
3742
3747
3759
3763
3779
3783
3787
3789
3797
3802
3804
3806
3811
3822
3824
3829
3849
3852
3859
3901
3915
3934
3939
3942
3943
3953
3958
3961
3967
3968
3969
3990
3991
3992
3994
3995
4002
4011
4012
4014
4015
4017
4031
4128
4135
4181
4185
4189
4192
4209
4231
4292
4296
4317
4323
4325
4331
4334
4346
4370
4376
4519
4642
4698
4759
4917
