2001
2005
2008
2010
2012
2022
2028
2035
2036
2038
2039
2040
2044
2051
2061
2062
2067
2073
2078
2085
2086
2093
2094
2096
2102
2104
2105
2108
2110
2113
2116
2118
2121
2122
2123
2125
2129
2130
2136
2139
2141
2145
2152
2155
2158
2160
2162
2172
2173
2180
2181
2185
2186
2187
2189
2190
2194
2195
2196
2197
2198
2199
2201
2203
2204
2205
2206
2221
2222
2223
2227
2228
2229
2231
2232
2233
2234
2238
2239
2240
2242
2243
2244
2246
2248
2249
2250
2251
2254
2255
2256
2262
2263
2268
2271
2272
2274
2276
2280
2281
2282
2283
2285
2286
2288
2290
2292
2293
2296
2301
2302
2303
2305
2306
2308
2309
2310
2311
2312
2315
2316
2317
2318
2320
2323
2325
2328
2330
2331
2332
2333
2334
2335
2338
2339
2340
2341
2342
2343
2344
2347
2348
2349
2352
2353
2356
2359
2365
2366
2368
2369
2370
2371
2375
2379
2381
2384
2389
2393
2396
2397
2401
2406
2407
2408
2409
2411
2413
2418
2422
2424
2427
2428
2429
2430
2432
2434
2438
2439
2440
2441
2447
2452
2453
2455
2459
2463
2466
2467
2470
2472
2473
2476
2478
2481
2483
2485
2486
2487
2488
2490
2491
2494
2499
2504
2506
2507
2508
2510
2511
2517
2520
2523
2524
2525
2526
2529
2532
2534
2536
2537
2538
2539
2540
2546
2547
2551
2552
2553
2554
2556
2562
2565
2568
2571
2573
2574
2575
2583
2588
2596
2597
2598
2600
2602
2604
2608
2609
2611
2612
2613
2614
2618
2619
2620
2621
2622
2623
2624
2627
2629
2630
2632
2634
2636
2637
2640
2641
2643
2644
2645
2646
2649
2651
2652
2653
2654
2657
2658
2661
2667
2668
2670
2672
2675
2676
2678
2681
2682
2686
2687
2688
2689
2690
2692
2696
2700
2701
2702
2706
2707
2709
2711
2712
2714
2716
2717
2719
2722
2723
2727
2728
2729
2731
2732
2735
2739
2743
2746
2748
2749
2752
2754
2755
2756
2758
2761
2762
2765
2767
2769
2770
2771
2772
2774
2776
2779
2781
2782
2783
2784
2785
2786
2791
2792
2793
2795
2796
2797
2798
2800
2801
2805
2806
2807
2808
2809
2813
2819
2822
2823
2824
2825
2826
2828
2830
2831
2833
2834
2835
2836
2840
2843
2844
2845
2846
2848
2850
2854
2855
2860
2861
2862
2864
2865
2869
2870
2872
2874
2876
2877
2878
2883
2884
2885
2886
2890
2891
2892
2894
2896
2898
2900
2901
2909
2910
2913
2915
2916
2917
2918
2919
2920
2923
2924
2926
2927
2929
2930
2931
2933
2936
2937
2938
2939
2940
2941
2943
2944
2945
2950
2956
2958
2962
2964
2966
2969
2970
2979
2980
2981
2983
2984
2985
2986
2988
2989
2990
2992
2993
2994
2995
2997
2998
3000
3004
3005
3006
3007
3008
3009
3011
3014
3015
3016
3020
3021
3022
3024
3028
3029
3030
3032
3033
3034
3035
3037
3038
3039
3040
3041
3044
3045
3058
3059
3062
3063
3064
3065
3068
3072
3073
3074
3075
3076
3077
3079
3082
3083
3085
3086
3087
3088
3094
3102
3107
3111
3112
3113
3114
3115
3117
3118
3120
3121
3122
3123
3125
3128
3129
3130
3132
3133
3134
3136
3138
3140
3141
3142
3143
3144
3146
3148
3149
3150
3152
3154
3156
3160
3162
3163
3164
3165
3166
3168
3169
3172
3173
3174
3175
3176
3177
3178
3180
3183
3184
3186
3188
3189
3194
3197
3198
3199
3204
3206
3207
3208
3217
3220
3221
3222
3227
3230
3232
3235
3236
3237
3238
3241
3242
3243
3245
3247
3248
3249
3250
3251
3252
3255
3256
3258
3261
3262
3263
3264
3268
3269
3270
3271
3272
3273
3274
3276
3277
3278
3279
3280
3281
3282
3286
3288
3289
3290
3291
3292
3294
3296
3298
3299
3300
3301
3302
3303
3305
3309
3310
3311
3312
3313
3315
3317
3320
3321
3323
3324
3326
3327
3331
3332
3336
3337
3338
3339
3340
3342
3343
3346
3347
3352
3357
3358
3361
3362
3364
3365
3367
3368
3371
3375
3376
3377
3378
3380
3381
3382
3385
3386
3387
3388
3389
3390
3391
3393
3394
3396
3397
3399
3400
3401
3404
3405
3406
3409
3410
3413
3414
3420
3421
3422
3427
3428
3430
3431
3434
3435
3436
3437
3438
3439
3440
3442
3443
3444
3445
3446
3447
3449
3452
3453
3454
3455
3456
3457
3459
3463
3465
3466
3468
3469
3470
3471
3473
3474
3476
3477
3479
3480
3481
3484
3485
3486
3487
3489
3491
3493
3496
3497
3498
3499
3500
3501
3502
3505
3508
3509
3510
3511
3513
3515
3517
3518
3519
3522
3523
3524
3526
3529
3531
3533
3534
3536
3537
3538
3540
3541
3543
3547
3548
3551
3552
3555
3557
3558
3559
3560
3561
3562
3564
3565
3568
3569
3571
3572
3573
3578
3579
3581
3582
3584
3585
3586
3589
3590
3592
3593
3597
3598
3599
3604
3605
3606
3609
3612
3615
3616
3620
3621
3623
3624
3625
3626
3627
3629
3630
3631
3632
3633
3635
3636
3642
3644
3649
3651
3653
3655
3656
3660
3664
3666
3667
3668
3669
3670
3672
3673
3675
3680
3685
3686
3687
3689
3692
3693
3695
3696
3699
3701
3704
3705
3708
3709
3710
3713
3714
3717
3718
3719
3721
3722
3724
3725
3729
3730
3731
3732
3735
3736
3739
3741
3744
3745
3746
3748
3749
3752
3754
3755
3756
3758
3760
3761
3762
3767
3769
3770
3771
3772
3773
3774
3776
3777
3778
3780
3782
3784
3785
3788
3790
3791
3793
3794
3795
3796
3800
3801
3803
3805
3807
3809
3810
3813
3814
3815
3816
3817
3818
3819
3821
3823
3825
3826
3827
3828
3830
3832
3833
3834
3836
3837
3838
3840
3842
3843
3844
3845
3846
3847
3848
3851
3853
3854
3855
3857
3858
3860
3862
3863
3864
3866
3867
3868
3869
3871
3872
3873
3874
3875
3876
3878
3880
3881
3882
3883
3884
3885
3886
3888
3889
3890
3891
3892
3893
3894
3896
3898
3899
3900
3903
3904
3905
3907
3908
3910
3911
3912
3914
3916
3918
3919
3920
3921
3922
3923
3924
3926
3928
3929
3930
3931
3932
3933
3936
3937
3938
3940
3941
3944
3945
3947
3948
3950
3951
3952
3954
3955
3957
3959
3960
3962
3963
3964
3965
3970
3971
3972
3974
3975
3976
3977
3979
3980
3981
3984
3985
3986
3987
3993
3996
3998
3999
4000
4001
4003
4005
4006
4007
4008
4009
4010
4013
4018
4019
4020
4021
4022
4023
4024
4026
4027
4028
4029
4030
4032
4033
4036
4039
4041
4042
4043
4045
4046
4049
4050
4051
4052
4054
4055
4057
4060
4062
4064
4065
4066
4068
4070
4074
4075
4076
4077
4080
4081
4082
4084
4085
4086
4087
4090
4091
4092
4095
4096
4097
4099
4100
4101
4102
4104
4105
4106
4108
4109
4110
4111
4113
4114
4115
4116
4117
4118
4119
4121
4122
4123
4125
4127
4129
4130
4132
4133
4136
4137
4138
4140
4141
4143
4144
4145
4146
4147
4149
4150
4152
4153
4154
4155
4156
4157
4158
4162
4163
4165
4166
4167
4168
4169
4172
4173
4174
4175
4176
4177
4178
4180
4182
4183
4184
4187
4188
4191
4194
4195
4197
4198
4199
4200
4202
4205
4206
4208
4210
4212
4214
4215
4217
4218
4219
4221
4222
4223
4224
4228
4229
4232
4233
4234
4235
4236
4240
4241
4243
4244
4245
4246
4248
4250
4251
4252
4254
4255
4256
4257
4259
4260
4261
4262
4264
4266
4267
4269
4270
4271
4272
4273
4275
4276
4278
4279
4280
4281
4282
4284
4286
4288
4290
4291
4293
4294
4295
4297
4299
4300
4301
4302
4303
4304
4305
4307
4308
4309
4310
4311
4312
4314
4316
4318
4319
4320
4321
4322
4326
4328
4329
4332
4333
4336
4337
4338
4341
4342
4343
4344
4345
4347
4348
4350
4351
4352
4353
4354
4355
4356
4360
4362
4363
4364
4366
4367
4368
4371
4372
4373
4374
4377
4378
4380
4382
4383
4384
4387
4433
4443
4445
4488
4495
4497
4502
4503
4512
4522
4531
4540
4548
4555
4559
4565
4570
4576
4590
4594
4595
4603
4605
4606
4612
4615
4616
4617
4618
4624
4626
4629
4630
4633
4637
4638
4641
4643
4646
4649
4650
4655
4659
4660
4661
4666
4674
4675
4679
4680
4681
4682
4691
4695
4696
4697
4702
4703
4707
4716
4717
4718
4720
4721
4723
4725
4728
4733
4735
4736
4745
4746
4749
4756
4758
4761
4765
4770
4771
4774
4787
4792
4798
4799
4801
4803
4804
4811
4812
4814
4815
4818
4821
4822
4825
4829
4830
4831
4832
4833
4835
4840
4843
4845
4846
4847
4856
4858
4863
4868
4874
4876
4877
4880
4883
4890
4891
4895
4899
4901
4902
4905
4909
4914
4926
4927
4936
4940
